>>> solve([f_5, fm_mp4, f_mp4, f_4, fm_mp3, f_mp3, f_3, fm_mp2, f_mp2, f_2, f_1])

{a_w5: 0.808101803987366,
a_D: 0.0121723295069810,
a_7: 0.0803290299419194,
a_6: 0.0557458285615181,
a_8: 0.0996510080022154}

>>> solve([f_5, fm_mp4, f_mp4, f_4, fm_mp3, f_mp3, f_3, fm_mp2, f_mp2, f_2, f_1])

[{a_w3: -0.0126527652335638,
a_2: -0.0133465422533615 + 8.27180612553028e-25*I,
h_mp3: 147677.172030279 + 8.67361737988404e-19*I,
a_1: -0.0134701006132611,
a_4: 0.783518780337287 - 5.28343187884997e-35*I,
a_w2: -0.352709923940775 + 1.32348898008484e-23*I,
a_w4: 0.000129340495936676 + 2.85733313088389e-38*I,
a_3: -0.335483126973604 - 1.32348898008484e-23*I,
h_mp2: -1827.04900660668,
a_5: 0.0244536831541425 + 3.72267920712547e-37*I,
h_mp4: 511.684004537516 + 1.94058459327161e-31*I},

{a_w3: -0.29671891336672 + 1.32348898008484e-23*I,
a_2: -0.0237036898492684 + 4.13590306276514e-25*I,
h_mp3: 6741.52865612015 + 5.42101086242752e-20*I,
a_1: -0.0239231316331963 + 4.13590306276514e-25*I,
a_4: 0.779849559850376 - 6.50325300696806e-35*I,
a_w2: -0.626418924478024,
a_w4: 0.00377270784207384 + 6.4574314173217e-35*I,
a_3: -0.0477736114943116,
h_mp2: 226.913986400155,
a_5: 0.0244795362949157 + 4.58215896463603e-37*I,
h_mp4: 511.607349246938 + 1.94372516245125e-31*I},

{a_w3: 0.00883866761083112,
a_2: -0.0125629573613222,
h_mp3: 446.811979709522 + 1.6940658945086e-21*I,
a_1: -0.0126792615229236 + 8.27180612553028e-25*I,
a_4: -0.0009316708240372 + 5.66604102109381e-35*I,
a_w2: -0.33200207598842 + 1.32348898008484e-23*I,
a_w4: 0.779052593709941 - 5.62611838448259e-35*I,
a_3: 0.421948693396005,
h_mp2: 3389.66383218229,
a_5: 0.0299808811014625 - 3.99226366112192e-37*I,
h_mp4: 495.295706943304 - 1.94156966432201e-31*I},

{a_w3: 0.420379472036477,
a_2: 0.0024419592089433 + 1.03397576569128e-25*I,
h_mp3: 438.090920214107 + 3.3881317890172e-21*I,
a_1: 0.00246456614855891 - 1.03397576569128e-25*I,
a_4: 0.00891383000457126 + 6.12064386472422e-35*I,
a_w2: 0.0645338118669603 - 3.30872245021211e-24*I,
a_w4: 0.769276463778997 - 6.07751811961783e-35*I,
a_3: 0.000631759039414934,
h_mp2: 382.975504174154,
a_5: 0.0299115102037982 - 4.31257451063957e-37*I,
h_mp4: 495.501393608796 - 1.94274009140085e-31*I}]

