>>> D
275.073701527004

>>> H
1460.44856070833

>>> _C.h
2452.27758352642

>>> _SH.h
3540.4549958844855

>>> _1.h
2952.5704967080824

>>> eff_em
0.98

>>> solve([f_8, f_7, f_6, fm_D, f_D])
{a_6: 0.0385602276956326,
a_D: 0.0144123226252600,
a_7: 0.0787611556461379,
a_8: 0.0972501530113369,
a_w5: 0.827016141021633}

>>> solve([f_5, fm_mp4, f_mp4, f_4, fm_mp3, f_mp3, f_3, fm_mp2, f_mp2, f_2, f_1])

[{a_3: -0.0244483170138886 - 4.13590306276514e-25*I,
a_4: 0.802786145729237 - 7.74008981241011e-35*I,
a_5: 0.0187863940101246 + 5.45215503423718e-37*I,
a_2: -0.0255379750647895 - 2.06795153138257e-25*I,
a_w3: -0.301487003571729 - 3.30872245021211e-24*I,
a_1: -0.0258125820872273,
a_w2: -0.606226622464906 + 3.30872245021211e-24*I,
h_mp3: 6864.11558119455,
a_w4: 0.000996096564532117 + 7.68556826206774e-35*I,
h_mp2: 345.592276027908,
h_mp4: 529.352438326698 + 4.75373049964151e-34*I},

{a_3: -0.324064318059156,
a_4: 0.803789217306139 - 4.55580370501451e-35*I,
a_5: 0.0187793283275805 + 3.20912918419443e-37*I,
a_2: -0.0134667858594573,
a_w3: -0.00286700842081909,
a_1: -0.0136115927189397,
a_w2: -0.319677816519328 - 3.30872245021211e-24*I,
h_mp3: 669282.065658534 - 8.67361737988404e-19*I,
a_w4: 9.0670174710295e-8 + 6.0762507339649e-39*I,
h_mp2: -1957.71483683478,
h_mp4: 529.37306303201 + 4.75373049964762e-34*I},

{a_3: 0.470025024508167 - 6.61744490042422e-24*I,
a_4: -0.000684578401526572 + 6.01415055776324e-35*I,
a_5: 0.0244460789228345 - 4.2363954469359e-37*I,
a_2: -0.0132760810139647,
a_w3: 0.00185069412426936 + 1.29246970711411e-26*I,
a_1: -0.0134188372453276,
a_w2: -0.315150818819732,
h_mp3: 462.123335160599 - 4.2351647362715e-22*I,
a_w4: 0.798807135782586 - 5.97178660329388e-35*I,
h_mp2: 3970.13875507436 - 5.42101086242752e-20*I,
h_mp4: 512.831835715898 - 4.75373049964431e-34*I},

{a_3: 0.00301800729264097 + 2.58493941422821e-26*I,
a_4: 0.0112517354264962 + 6.28174295966139e-35*I,
a_5: 0.0243619989766001 - 4.4248887714957e-37*I,
a_2: 0.00512275227433184,
a_w3: 0.457005477458007,
a_1: 0.00517783666317520,
a_w2: 0.121605131225709,
h_mp3: 449.889006791401,
a_w4: 0.786954901900798 - 6.23749407194643e-35*I,
h_mp2: 382.294451548642,
h_mp4: 513.077264816758 - 4.75373049964482e-34*I}]

